 204 201 199 197 165 130 119 124 123 123 170 203 204 206 195 172
 204 204 186 127 148 172 166 182 174 156 159 127 184 204 203 198
 202 188 123 198 106  65 128  70 109  86  78 153 136 174 201 200
 195 113 198 116 176  97 203 196 199 117 143 152 179 121 188 196
 145 185 135 118 201 190 181 200 201 139 205 183 117 177 130 195
 143 142 105 193 198 199 111 168 142 147 205 206 191  91 152 187
 189  87 158 149 179 136 130 120 132  89 158 156 115  72 134 147
 202 104 186 198 191 137  91 109 100 143 138 203 200 114 178 130
 204  97 182 196 192 119  83  90  91 139 147 200 195  79 197 125
 188  86 125 149 164 161 112 138 137 122 172 167 159  86 178 153
 153 136 122 192 198 196 135 132 125 207 213 209 115  84 164 175
 132 191 130 126 196 188 145 195 195 187 218 174 145 167 144 208
 173 113 192 159 175  73 172 184 197 142 177 131 204 169 169 208
 198 181 120 182 152  84 120 105 128  90 112 184 171 161 212 208
 196 195 187 130 126 168 195 193 191 180 164 133 174 212 210 208
 194 193 197 195 194 142 135 122 120 128 167 199 207 210 208 208
 222 217 211 210 168 123 110 116 111 110 154 188 185 183 172 145
 219 216 193 116 151 175 166 180 173 150 146 103 157 177 173 169
 218 197 115 204 100  50 122  57  96  70  57 135 108 141 171 167
 203 107 207 109 175  86 200 197 201  99 124 128 153  91 155 166
 143 190 127 110 201 192 173 201 198 120 189 156  79 143  94 162
 142 144  97 200 203 202  95 158 130 132 184 176 159  55 116 151
 193  80 153 142 175 125 119 105 117  67 128 117  83  43  96 112
 210  94 179 203 197 127  76  94  81 120 106 171 168  81 146  94
 209  89 181 202 192 108  72  78  70 111 114 168 161  45 167  96
 191  72 117 141 158 156  96 126 121  87 138 129 128  56 149 126
 149 130 112 197 199 196 120 119 104 179 188 186  86  56 137 152
 126 196 121 119 196 184 133 189 187 160 203 153 117 146 120 193
 178 104 196 156 168  54 161 175 187 117 157 102 186 146 146 197
 205 185 109 179 145  69 103  84 107  59  82 166 155 135 201 197
 205 202 188 119 111 159 188 185 179 160 141 103 152 201 201 199
 203 198 199 195 190 130 119  98  94 105 147 183 196 196 199 198
 249 244 237 233 194 151 135 141 132 127 170 203 198 190 177 150
 245 241 217 148 177 198 188 201 192 167 164 118 166 185 178 171
 244 224 149 231 125  70 146  80 118  85  71 149 118 147 175 171
 232 140 232 131 199 113 223 217 219 118 140 140 157  96 158 170
 176 218 157 138 226 217 199 220 216 142 204 168  89 146  99 165
 177 169 117 222 227 222 121 183 152 149 196 185 159  61 121 154
 224 107 178 170 202 150 144 125 136  84 136 123  86  47 100 116
 237 117 206 227 219 155 100 114 100 135 113 175 171  85 148 100
 236 115 206 225 216 131  92  94  88 123 119 170 164  52 175 103
 216  94 136 169 186 178 120 146 138  98 144 136 133  62 157 133
 178 154 129 218 221 217 142 140 124 191 197 194  95  63 145 157
 151 219 143 141 217 205 156 207 202 175 212 164 130 158 134 203
 202 131 219 177 192  73 181 194 202 128 168 117 196 161 160 209
 228 205 129 199 164  86 120 102 122  72  91 176 169 151 213 211
 226 224 208 141 132 178 205 200 192 170 150 113 161 211 210 210
 225 221 219 213 208 146 134 115 109 115 152 188 204 206 209 209

 172 198 200 196 195 187 147 130 125 153 175 208 208 208 208 208
 195 203 201 188 130 152 134 178 197 178 164 144 169 212 210 208
 206 204 174 121 177  91  72 114  79  86  84 167 169 161 212 210
 204 184 136 179 117 191 115 200 195 159 115 145 204 171 174 207
 203 127 153 152 183 206 156 203 200 167 209 174 131 184 133 199
 170 159  78 143 205 205 158 138 147 172 213 218 177 112 164 167
 123 156  86 117 139 147  89 143 139 122 207 187 142  90 180 128
 123 174 109 199 201 142 132 100  91 137 125 195 197 128 191 120
 124 182  70 196 200 168 120 109  90 138 132 195 184 105 193 122
 119 166 128 203 181 111 130  91  83 112 135 145 172 120 195 135
 130 172  65  97 190 199 136 137 119 161 196 188  73  84 168 142
 165 148 106 176 201 198 179 191 192 164 198 196 175 152 126 194
 197 127 198 116 118 193 149 198 196 149 192 126 159 182 130 195
 199 186 123 198 135 105 158 186 182 125 122 130 192 120 187 197
 201 204 188 113 185 142  87 104  97  86 136 191 113 181 195 193
 204 204 202 195 145 143 189 202 204 188 153 132 173 198 196 194
 145 169 167 166 162 151 112  94  96 126 152 193 197 197 199 198
 172 173 171 155  94 116  96 146 167 149 137 120 146 201 201 199
 183 177 141  91 143  55  43  81  45  56  56 146 146 135 201 196
 185 157 108 153  79 159  83 168 161 128  86 117 186 155 152 196
 188 103 135 128 156 176 117 171 168 129 186 153 102 166 103 183
 154 146  57 124 189 184 128 106 114 138 188 203 157  82 141 147
 110 150  70  99 120 132  67 120 111  87 179 160 117  59 160 105
 111 173  96 201 198 130 117  81  70 121 104 187 187 107 179  94
 116 180  57 197 201 158 105  94  78 126 119 189 175  84 185  98
 110 166 122 200 173  95 119  76  72  96 120 133 161 103 188 119
 123 175  50  86 192 202 125 127 108 156 196 184  54  69 159 130
 168 151 100 175 201 203 175 197 192 158 199 196 168 145 111 190
 210 116 204 109 110 200 142 203 202 141 197 119 156 179 119 195
 211 193 115 207 127  97 153 179 181 117 112 121 196 109 188 199
 217 216 197 107 190 144  80  94  89  72 130 196 104 185 202 198
 222 219 218 203 143 142 193 210 209 191 149 126 178 205 205 203
 150 171 171 170 165 154 116 100 103 133 157 203 209 211 210 209
 177 178 175 158  99 121 100 148 175 157 145 134 160 213 210 209
 190 185 147  96 146  61  47  85  52  62  63 158 161 151 211 206
 198 166 118 157  89 159  86 171 164 133  95 130 196 169 161 204
 203 118 149 140 168 185 123 175 170 136 194 164 117 176 113 188
 170 164  71 140 204 196 136 113 119 144 197 212 168  91 150 152
 127 167  85 118 142 149  84 135 123  98 191 175 128  72 170 115
 132 192 118 219 216 152 136 100  88 138 124 202 202 122 192 109
 141 201  80 217 220 183 125 114  94 146 140 207 194 102 200 115
 135 188 146 223 199 121 144 100  92 120 142 156 181 120 205 134
 151 198  70 113 217 222 150 155 131 178 217 205  73  86 178 146
 194 177 125 199 226 227 202 219 216 186 221 217 192 164 132 208
 233 148 231 131 138 222 170 227 225 169 218 141 177 199 141 213
 237 217 149 232 157 117 178 206 206 136 129 143 219 129 208 219
 244 241 224 140 218 169 107 117 115  94 154 219 131 205 224 221
 249 245 244 232 176 177 224 237 236 216 178 151 202 228 226 225

 208 208 210 207 199 167 128 120 122 135 142 194 195 197 193 194
 208 210 212 174 133 164 180 191 193 195 168 126 130 187 195 196
 208 212 161 171 184 112  90 128 105 120  84 152 182 120 181 198
 208 169 169 204 131 177 142 197 184 172  73 175 159 192 113 173
 208 144 167 145 174 218 187 195 195 145 188 196 126 130 191 132
 175 164  84 115 209 213 207 125 132 135 196 198 192 122 136 153
 153 178  86 159 167 172 122 137 138 112 161 164 149 125  86 188
 125 197  79 195 200 147 139  91  90  83 119 192 196 182  97 204
 130 178 114 200 203 138 143 100 109  91 137 191 198 186 104 202
 147 134  72 115 156 158  89 132 120 130 136 179 149 158  87 189
 187 152  91 191 206 205 147 142 168 111 199 198 193 105 142 143
 195 130 177 117 183 205 139 201 200 181 190 201 118 135 185 145
 196 188 121 179 152 143 117 199 196 203  97 176 116 198 113 195
 200 201 174 136 153  78  86 109  70 128  65 106 198 123 188 202
 198 203 204 184 127 159 156 174 182 166 172 148 127 186 204 204
 172 195 206 204 203 170 123 123 124 119 130 165 197 199 201 204
 198 199 196 196 183 147 105  94  98 119 130 190 195 199 198 203
 199 201 201 152 103 141 160 179 185 188 159 111 119 188 202 205
 197 201 135 155 166  82  59 107  84 103  69 145 179 109 185 205
 197 146 146 186 102 157 117 187 175 161  54 168 156 196 104 178
 193 120 146 117 153 203 160 187 189 133 184 196 119 121 196 126
 152 137  56  86 186 188 179 104 119 120 196 199 197 112 130 149
 126 149  56 128 129 138  87 121 126  96 156 158 141 117  72 191
  96 167  45 161 168 114 111  70  78  72 108 192 202 181  89 209
  94 146  81 168 171 106 120  81  94  76 127 197 203 179  94 210
 112  96  43  83 117 128  67 117 105 119 125 175 142 153  80 193
 151 116  55 159 176 184 132 130 158  95 202 203 200  97 144 142
 162  94 143  79 156 189 120 198 201 173 192 201 110 127 190 143
 166 155  91 153 128 124  99 201 197 200  86 175 109 207 107 203
 167 171 141 108 135  57  70  96  57 122  50 100 204 115 197 218
 169 173 177 157 103 146 150 173 180 166 175 151 116 193 216 219
 145 172 183 185 188 154 110 111 116 110 123 168 210 211 217 222
 209 209 206 204 188 152 115 109 115 134 146 208 213 219 221 225
 210 210 211 161 113 150 170 192 200 205 178 132 141 208 224 226
 211 213 151 169 176  91  72 122 102 120  86 164 199 129 205 228
 209 160 161 196 117 168 128 202 194 181  73 192 177 219 131 202
 203 134 158 130 164 212 175 202 207 156 205 217 141 143 219 151
 157 145  63  95 194 197 191 124 140 142 217 221 218 129 154 178
 133 157  62 133 136 144  98 138 146 120 178 186 169 136  94 216
 103 175  52 164 170 119 123  88  94  92 131 216 225 206 115 236
 100 148  85 171 175 113 135 100 114 100 155 219 227 206 117 237
 116 100  47  86 123 136  84 136 125 144 150 202 170 178 107 224
 154 121  61 159 185 196 149 152 183 121 222 227 222 117 169 177
 165  99 146  89 168 204 142 216 220 199 217 226 138 157 218 176
 170 158  96 157 140 140 118 219 217 223 113 199 131 232 140 232
 171 175 147 118 149  71  85 118  80 146  70 125 231 149 224 244
 171 178 185 166 118 164 167 192 201 188 198 177 148 217 241 245
 150 177 190 198 203 170 127 132 141 135 151 194 233 237 244 249

 194 196 198 173 132 153 188 204 202 189 143 145 195 202 204 204
 193 195 181 113 191 136  86  97 104  87 142 185 113 188 204 201
 197 187 120 192 130 122 125 182 186 158 105 135 198 123 186 199
 195 130 182 159 126 192 149 196 198 149 193 118 116 198 127 197
 194 126 152 175 196 198 164 192 191 179 198 201 176 106 148 165
 142 168  84  73 188 196 161 119 137 136 199 190  97  65 172 130
 135 195 120 172 145 135 112  83  91 130 111 181 203 128 166 119
 122 193 105 184 195 132 138  90 109 120 168 200 196  70 182 124
 120 191 128 197 195 125 137  91 100 132 142 201 199 109 174 123
 128 180  90 142 187 207 122 139 143  89 147 139 117  86 156 123
 167 164 112 177 218 213 172 147 138 158 205 205 143  78 159 170
 199 133 184 131 174 209 167 200 203 156 206 183 152 153 127 203
 207 174 171 204 145 115 159 195 200 115 191 117 179 136 184 204
 210 212 161 169 167  84  86  79 114  72  91 177 121 174 204 206
 208 210 212 169 144 164 178 197 178 134 152 130 188 201 203 195
 208 208 208 208 208 175 153 125 130 147 187 195 196 200 198 172
 203 205 205 178 126 149 191 209 210 193 142 143 203 218 219 222
 198 202 185 104 196 130  72  89  94  80 144 190 107 197 216 217
 199 188 109 196 121 112 117 181 179 153  97 127 207 115 193 211
 195 119 179 156 119 197 141 202 203 142 200 110 109 204 116 210
 190 111 145 168 196 199 158 192 197 175 203 201 175 100 151 168
 130 159  69  54 184 196 156 108 127 125 202 192  86  50 175 123
 119 188 103 161 133 120  96  72  76 119  95 173 200 122 166 110
  98 185  84 175 189 119 126  78  94 105 158 201 197  57 180 116
  94 179 107 187 187 104 121  70  81 117 130 198 201  96 173 111
 105 160  59 117 160 179  87 111 120  67 132 120  99  70 150 110
 147 141  82 157 203 188 138 114 106 128 184 189 124  57 146 154
 183 103 166 102 153 186 129 168 171 117 176 156 128 135 103 188
 196 152 155 186 117  86 128 161 168  83 159  79 153 108 157 185
 196 201 135 146 146  56  56  45  81  43  55 143  91 141 177 183
 199 201 201 146 120 137 149 167 146  96 116  94 155 171 173 172
 198 199 197 197 193 152 126  96  94 112 151 162 166 167 169 145
 225 226 228 202 151 178 216 236 237 224 177 176 232 244 245 249
 221 224 205 131 219 154  94 115 117 107 169 218 140 224 241 244
 219 208 129 219 143 129 136 206 206 178 117 157 232 149 217 237
 213 141 199 177 141 218 169 225 227 170 222 138 131 231 148 233
 208 132 164 192 217 221 186 216 219 202 227 226 199 125 177 194
 146 178  86  73 205 217 178 131 155 150 222 217 113  70 198 151
 134 205 120 181 156 142 120  92 100 144 121 199 223 146 188 135
 115 200 102 194 207 140 146  94 114 125 183 220 217  80 201 141
 109 192 122 202 202 124 138  88 100 136 152 216 219 118 192 132
 115 170  72 128 175 191  98 123 135  84 149 142 118  85 167 127
 152 150  91 168 212 197 144 119 113 136 196 204 140  71 164 170
 188 113 176 117 164 194 136 170 175 123 185 168 140 149 118 203
 204 161 169 196 130  95 133 164 171  86 159  89 157 118 166 198
 206 211 151 161 158  63  62  52  85  47  61 146  96 147 185 190
 209 210 213 160 134 145 157 175 148 100 121  99 158 175 178 177
 209 210 211 209 203 157 133 103 100 116 154 165 170 171 171 150

