 220 223 221 224 221 218 214 216 222 225 224 224 225 226 228 195
 226 229 227 228 230 230 219 119 227 232 233 233 233 231 231 200
 229 230 229 228 229 229 190  70 229 231 232 232 232 232 231 212
 228 230 228 228 227 230 193  97 230 230 231 232 232 231 231 209
 228 228 228 224 216 225 192  96 230 218 223 232 233 231 230 207
 230 229 228 225 213 218 186  83 230 217 222 232 232 232 231 209
 230 230 230 227 214 218 179  80 227 214 223 232 233 231 231 211
 230 230 230 226 214 221 175  60 224 214 221 231 231 232 231 209
 230 229 230 226 217 227 172  46 160 211 221 229 231 232 232 207
 230 229 229 226 220 230 157  38 113 217 225 230 231 231 230 205
 230 231 229 228 229 233  96  78  44 169 226 230 231 232 230 205
 230 229 230 230 232 194  68 199 116  57 195 229 233 232 230 213
 227 227 227 206 124  71 147 222 210  83  71 181 226 228 229 211
 225 227 225  86 107 194 228 223 222 212 110  48 105 220 229 210
 225 227 228 212 230 232 228 223 224 223 224 171 127 211 229 197
 217 227 222 225 226 234 221 217 216 224 222 223 227 230 227 197
 206 207 204 206 204 201 197 200 206 210 208 208 208 209 211 180
 206 208 206 206 208 208 195  75 202 210 210 210 211 209 209 177
 208 208 206 206 207 207 165  32 206 209 209 209 210 210 209 190
 207 208 206 205 205 208 170  58 208 208 209 210 210 209 209 189
 208 206 205 205 203 209 167  55 210 202 208 211 210 209 208 186
 207 207 206 205 204 209 166  46 209 203 210 211 209 209 208 186
 208 207 208 206 204 210 157  42 206 201 211 210 209 209 209 188
 208 208 208 206 204 210 150  27 201 201 211 211 209 209 209 187
 209 207 208 206 207 213 147  21 138 199 210 210 209 209 208 185
 209 208 207 207 208 212 131  18  88 202 210 208 209 208 208 183
 209 209 207 207 210 212  65  58  20 143 205 208 209 209 207 181
 209 207 206 208 210 167  33 180  91  25 169 207 207 208 208 190
 207 206 206 182  85  32 121 201 188  55  38 153 205 206 207 188
 205 205 201  42  76 168 205 200 199 191  84  18  72 195 207 188
 206 205 204 188 210 209 206 201 200 200 202 148  94 186 207 175
 194 203 198 200 202 211 196 192 192 200 197 200 205 208 205 177
 202 202 198 201 199 196 192 194 201 205 204 203 202 204 206 175
 200 200 199 198 198 199 188  67 195 201 200 200 200 202 201 171
 203 201 198 198 199 200 159  30 200 201 202 203 203 201 201 184
 202 201 198 200 198 201 163  57 202 199 201 202 203 202 200 180
 201 199 199 198 194 200 161  52 201 193 198 201 201 201 201 179
 202 200 200 197 194 198 159  40 201 192 201 204 203 201 199 181
 202 201 199 198 196 201 153  39 199 192 203 203 201 201 198 182
 202 201 200 199 197 205 146  26 195 193 203 203 202 199 198 180
 202 199 198 198 198 207 141  19 134 190 203 202 199 196 198 177
 203 201 200 199 201 208 129  22  87 196 201 201 200 199 198 176
 200 198 200 201 203 205  65  60  18 139 197 199 198 197 199 178
 203 199 198 199 203 160  31 174  90  23 162 195 195 196 195 182
 202 199 199 175  80  31 118 192 183  55  37 144 196 199 198 182
 201 197 193  42  77 168 200 193 192 187  84  19  71 187 197 183
 201 196 198 184 204 203 199 194 194 193 198 148  95 182 196 167
 189 196 192 192 193 203 190 185 187 192 190 192 193 198 194 170

 195 200 212 209 207 209 211 209 207 205 205 213 211 210 197 197
 228 231 231 231 230 231 231 231 232 230 230 230 229 229 229 227
 226 231 232 231 231 232 231 232 232 231 232 232 228 220 211 230
 225 233 232 232 233 232 233 231 231 231 231 233 226 105 127 227
 224 233 232 232 232 232 232 231 229 230 230 229 181  48 171 223
 224 233 232 231 223 222 223 221 221 225 226 195  71 110 224 222
 225 232 231 230 218 217 214 214 211 217 169  57  83 212 223 224
 222 227 229 230 230 230 227 224 160 113  44 116 210 222 224 216
 216 119  70  97  96  83  80  60  46  38  78 199 222 223 223 217
 214 219 190 193 192 186 179 175 172 157  96  68 147 228 228 221
 218 230 229 230 225 218 218 221 227 230 233 194  71 194 232 234
 221 230 229 227 216 213 214 214 217 220 229 232 124 107 230 226
 224 228 228 228 224 225 227 226 226 226 228 230 206  86 212 225
 221 227 229 228 228 228 230 230 230 229 229 230 227 225 228 222
 223 229 230 230 228 229 230 230 229 229 231 229 227 227 227 227
 220 226 229 228 228 230 230 230 230 230 230 230 227 225 225 217
 180 177 190 189 186 186 188 187 185 183 181 190 188 188 175 177
 211 209 209 209 208 208 209 209 208 208 207 208 207 207 207 205
 209 209 210 209 209 209 209 209 209 208 209 208 206 195 186 208
 208 211 210 210 210 209 209 209 209 209 209 207 205  72  94 205
 208 210 209 210 211 211 210 211 210 208 208 207 153  18 148 200
 208 210 209 209 208 210 211 211 210 210 205 169  38  84 202 197
 210 210 209 208 202 203 201 201 199 202 143  25  55 191 200 200
 206 202 206 208 210 209 206 201 138  88  20  91 188 199 200 192
 200  75  32  58  55  46  42  27  21  18  58 180 201 200 201 192
 197 195 165 170 167 166 157 150 147 131  65  33 121 205 206 196
 201 208 207 208 209 209 210 210 213 212 212 167  32 168 209 211
 204 208 207 205 203 204 204 204 207 208 210 210  85  76 210 202
 206 206 206 205 205 205 206 206 206 207 207 208 182  42 188 200
 204 206 206 206 205 206 208 208 208 207 207 206 206 201 204 198
 207 208 208 208 206 207 207 208 207 208 209 207 206 205 205 203
 206 206 208 207 208 207 208 208 209 209 209 209 207 205 206 194
 175 171 184 180 179 181 182 180 177 176 178 182 182 183 167 170
 206 201 201 200 201 199 198 198 198 198 199 195 198 197 196 194
 204 202 201 202 201 201 201 199 196 199 197 196 199 187 182 198
 202 200 203 203 201 203 201 202 199 200 198 195 196  71  95 193
 203 200 203 202 201 204 203 203 202 201 199 195 144  19 148 192
 204 200 202 201 198 201 203 203 203 201 197 162  37  84 198 190
 205 201 201 199 193 192 192 193 190 196 139  23  55 187 193 192
 201 195 200 202 201 201 199 195 134  87  18  90 183 192 194 187
 194  67  30  57  52  40  39  26  19  22  60 174 192 193 194 185
 192 188 159 163 161 159 153 146 141 129  65  31 118 200 199 190
 196 199 200 201 200 198 201 205 207 208 205 160  31 168 203 203
 199 198 199 198 194 194 196 197 198 201 203 203  80  77 204 193
 201 198 198 200 198 197 198 199 198 199 201 199 175  42 184 192
 198 199 198 198 199 200 199 200 198 200 200 198 199 193 198 192
 202 200 201 201 199 200 201 201 199 201 198 199 199 197 196 196
 202 200 203 202 201 202 202 202 202 203 200 203 202 201 201 189

 197 227 230 227 223 222 224 216 217 221 234 226 225 222 227 217
 197 229 211 127 171 224 223 224 223 228 232 230 212 228 227 225
 210 229 220 105  48 110 212 222 223 228 194 107  86 225 227 225
 211 229 228 226 181  71  83 210 222 147  71 124 206 227 227 227
 213 230 232 233 229 195  57 116 199  68 194 232 230 230 229 230
 205 230 232 231 230 226 169  44  78  96 233 229 228 229 231 230
 205 230 231 231 230 225 217 113  38 157 230 220 226 229 229 230
 207 232 232 231 229 221 211 160  46 172 227 217 226 230 229 230
 209 231 232 231 231 221 214 224  60 175 221 214 226 230 230 230
 211 231 231 233 232 223 214 227  80 179 218 214 227 230 230 230
 209 231 232 232 232 222 217 230  83 186 218 213 225 228 229 230
 207 230 231 233 232 223 218 230  96 192 225 216 224 228 228 228
 209 231 231 232 232 231 230 230  97 193 230 227 228 228 230 228
 212 231 232 232 232 232 231 229  70 190 229 229 228 229 230 229
 200 231 231 233 233 233 232 227 119 219 230 230 228 227 229 226
 195 228 226 225 224 224 225 222 216 214 218 221 224 221 223 220
 177 205 208 205 200 197 200 192 192 196 211 202 200 198 203 194
 175 207 186  94 148 202 200 200 201 206 209 210 188 204 205 206
 188 207 195  72  18  84 191 199 200 205 168  76  42 201 205 205
 188 207 206 205 153  38  55 188 201 121  32  85 182 206 206 207
 190 208 208 207 207 169  25  91 180  33 167 210 208 206 207 209
 181 207 209 209 208 205 143  20  58  65 212 210 207 207 209 209
 183 208 208 209 208 210 202  88  18 131 212 208 207 207 208 209
 185 208 209 209 210 210 199 138  21 147 213 207 206 208 207 209
 187 209 209 209 211 211 201 201  27 150 210 204 206 208 208 208
 188 209 209 209 210 211 201 206  42 157 210 204 206 208 207 208
 186 208 209 209 211 210 203 209  46 166 209 204 205 206 207 207
 186 208 209 210 211 208 202 210  55 167 209 203 205 205 206 208
 189 209 209 210 210 209 208 208  58 170 208 205 205 206 208 207
 190 209 210 210 209 209 209 206  32 165 207 207 206 206 208 208
 177 209 209 211 210 210 210 202  75 195 208 208 206 206 208 206
 180 211 209 208 208 208 210 206 200 197 201 204 206 204 207 206
 170 194 198 193 192 190 192 187 185 190 203 193 192 192 196 189
 167 196 182  95 148 198 193 194 194 199 203 204 184 198 196 201
 183 197 187  71  19  84 187 192 193 200 168  77  42 193 197 201
 182 198 199 196 144  37  55 183 192 118  31  80 175 199 199 202
 182 195 196 195 195 162  23  90 174  31 160 203 199 198 199 203
 178 199 197 198 199 197 139  18  60  65 205 203 201 200 198 200
 176 198 199 200 201 201 196  87  22 129 208 201 199 200 201 203
 177 198 196 199 202 203 190 134  19 141 207 198 198 198 199 202
 180 198 199 202 203 203 193 195  26 146 205 197 199 200 201 202
 182 198 201 201 203 203 192 199  39 153 201 196 198 199 201 202
 181 199 201 203 204 201 192 201  40 159 198 194 197 200 200 202
 179 201 201 201 201 198 193 201  52 161 200 194 198 199 199 201
 180 200 202 203 202 201 199 202  57 163 201 198 200 198 201 202
 184 201 201 203 203 202 201 200  30 159 200 199 198 198 201 203
 171 201 202 200 200 200 201 195  67 188 199 198 198 199 200 200
 175 206 204 202 203 204 205 201 194 192 196 199 201 198 202 202

 217 225 225 227 230 230 230 230 230 230 230 228 228 229 226 220
 227 227 227 227 229 231 229 229 230 230 229 228 230 230 229 223
 222 228 225 227 230 229 229 230 230 230 228 228 228 229 227 221
 225 212  86 206 230 228 226 226 226 227 225 224 228 228 228 224
 226 230 107 124 232 229 220 217 214 214 213 216 227 229 230 221
 234 232 194  71 194 233 230 227 221 218 218 225 230 229 230 218
 221 228 228 147  68  96 157 172 175 179 186 192 193 190 219 214
 217 223 223 222 199  78  38  46  60  80  83  96  97  70 119 216
 216 224 222 210 116  44 113 160 224 227 230 230 230 229 227 222
 224 223 212  83  57 169 217 211 214 214 217 218 230 231 232 225
 222 224 110  71 195 226 225 221 221 223 222 223 231 232 233 224
 223 171  48 181 229 230 230 229 231 232 232 232 232 232 233 224
 227 127 105 226 233 231 231 231 231 233 232 233 232 232 233 225
 230 211 220 228 232 232 231 232 232 231 232 231 231 232 231 226
 227 229 229 229 230 230 230 232 231 231 231 230 231 231 231 228
 197 197 210 211 213 205 205 207 209 211 209 207 209 212 200 195
 194 206 205 207 209 209 209 209 208 208 207 208 207 208 206 206
 203 205 205 206 207 209 208 207 208 207 207 206 208 208 208 207
 198 204 201 206 206 207 207 208 208 208 206 205 206 206 206 204
 200 188  42 182 208 207 207 206 206 206 205 205 205 206 206 206
 202 210  76  85 210 210 208 207 204 204 204 203 205 207 208 204
 211 209 168  32 167 212 212 213 210 210 209 209 208 207 208 201
 196 206 205 121  33  65 131 147 150 157 166 167 170 165 195 197
 192 201 200 201 180  58  18  21  27  42  46  55  58  32  75 200
 192 200 199 188  91  20  88 138 201 206 209 210 208 206 202 206
 200 200 191  55  25 143 202 199 201 201 203 202 208 209 210 210
 197 202  84  38 169 205 210 210 211 211 210 208 209 209 210 208
 200 148  18 153 207 208 208 210 211 210 211 211 210 209 210 208
 205  94  72 205 207 209 209 209 209 209 209 210 210 210 211 208
 208 186 195 206 208 209 208 209 209 209 209 209 209 210 209 209
 205 207 207 207 208 207 208 208 209 209 208 208 209 209 209 211
 177 175 188 188 190 181 183 185 187 188 186 186 189 190 177 180
 189 201 201 202 203 200 203 202 202 202 202 201 202 203 200 202
 196 196 197 199 199 198 201 199 201 201 200 199 201 201 200 202
 192 198 193 199 198 200 200 198 200 199 200 199 198 198 199 198
 192 184  42 175 199 201 199 198 199 198 197 198 200 198 198 201
 193 204  77  80 203 203 201 198 197 196 194 194 198 199 198 199
 203 203 168  31 160 205 208 207 205 201 198 200 201 200 199 196
 190 199 200 118  31  65 129 141 146 153 159 161 163 159 188 192
 185 194 193 192 174  60  22  19  26  39  40  52  57  30  67 194
 187 194 192 183  90  18  87 134 195 199 201 201 202 200 195 201
 192 193 187  55  23 139 196 190 193 192 192 193 199 201 201 205
 190 198  84  37 162 197 201 203 203 203 201 198 201 202 200 204
 192 148  19 144 195 199 201 202 203 203 204 201 202 203 200 203
 193  95  71 196 195 198 200 199 202 201 203 201 203 203 200 202
 198 182 187 199 196 197 199 196 199 201 201 201 202 201 202 204
 194 196 197 198 195 199 198 198 198 198 199 201 200 201 201 206
 170 167 183 182 182 178 176 177 180 182 181 179 180 184 171 175

