 213 208 213 210 187 130 191 211 207 207 209 205 206 202 202 202
 211 212 212 192  57  51 172 210 210 209 208 206 205 206 203 202
 212 212 211 145  42  56 139 160 151 190 206 206 206 206 203 200
 210 212 212 210 159  89  88  94 118 111 165 207 206 205 203 201
 212 214 186  79 144 150 148 132 152 165 200 207 206 204 203 202
 211 211 210 138  99  99 121 156 148 161 149 205 205 202 200 201
 211 176 142 211 208 179 159 164 155 154 196 204 205 201 199 201
 210 195  68  44  42  36  68  94 102 116  75 160 203 203 200 197
 208 210 200 161 170 190 208 207 206 204 121 114 202 200 199 196
 209 211 209 208 208 207 208 208 206 156  64 175 203 201 203 195
 209 210 208 208 208 208 207 205 150  56 178 199 198 198 201 196
 208 208 207 207 208 208 205 201  38 175 201 202 197 198 196 192
 206 207 206 206 209 205 203 186  43 170 200 200 197 196 194 190
 205 207 206 206 206 203 203 200  91  60 145 196 194 193 194 189
 205 206 203 203 202 200 200 200 190 103  59  52 106 151 188 185
 202 201 199 201 197 194 195 194 190 190 175 145 119 168 183 179
 205 200 204 201 179 117 181 202 199 198 199 198 199 194 194 195
 202 202 201 182  45  42 160 199 198 197 196 197 195 195 194 192
 201 200 202 133  31  48 126 147 139 178 197 197 195 194 192 192
 200 201 201 201 150  75  76  81 104  95 146 195 195 193 193 192
 202 202 174  62 132 139 138 119 141 152 190 195 194 193 192 192
 202 201 201 124  86  86 109 142 135 148 130 196 193 191 190 190
 201 164 125 201 199 169 149 151 142 142 185 194 193 190 188 191
 200 185  52  31  26  21  52  80  87 104  58 144 191 189 188 189
 197 198 189 147 158 176 196 196 195 192 114  98 189 189 186 185
 196 199 197 196 196 195 195 195 194 144  48 161 189 186 187 185
 197 198 196 196 195 195 194 194 138  38 165 186 185 185 185 186
 196 195 195 194 193 193 192 189  25 162 187 187 185 185 183 182
 195 195 194 194 193 193 189 173  27 155 186 185 184 183 182 180
 193 194 193 192 191 189 188 187  77  45 130 184 182 180 178 176
 191 192 189 188 190 185 186 185 179  87  41  38  92 137 173 172
 190 190 187 189 186 183 184 183 180 180 165 134 103 154 170 170
 201 196 199 196 175 115 173 193 191 191 190 187 187 184 186 186
 198 197 196 178  48  44 156 192 189 187 187 184 182 181 184 184
 196 196 196 132  34  50 122 142 135 170 186 185 185 184 181 182
 195 196 196 195 145  75  74  80 100  91 140 186 182 183 179 183
 196 196 171  65 129 135 135 115 137 146 180 186 184 181 181 182
 196 196 195 122  83  86 105 138 130 140 123 182 182 180 179 179
 196 161 125 195 193 165 146 149 140 137 178 183 183 179 179 181
 195 181  54  34  31  24  53  78  83  97  57 138 179 180 178 180
 193 193 185 143 153 170 188 187 186 183 113  96 179 176 176 177
 191 191 190 189 190 190 188 188 185 142  50 149 178 177 176 178
 191 190 190 188 188 187 186 185 137  38 155 179 176 176 175 176
 190 189 190 189 188 186 184 182  26 154 179 177 176 175 174 173
 189 189 190 189 185 185 181 166  28 150 177 175 175 174 171 171
 190 188 187 188 184 183 181 180  76  47 128 176 173 170 167 167
 188 184 184 183 182 181 178 176 172  85  41  38  91 132 165 167
 188 185 182 182 180 176 177 174 172 172 160 127  98 144 163 163

 202 202 200 201 202 201 201 197 196 195 196 192 190 189 185 179
 202 203 203 203 203 200 199 200 199 203 201 196 194 194 188 183
 202 206 206 205 204 202 201 203 200 201 198 198 196 193 151 168
 206 205 206 206 206 205 205 203 202 203 198 197 197 194 106 119
 205 206 206 207 207 205 204 160 114 175 199 202 200 196  52 145
 209 208 206 165 200 149 196  75 121  64 178 201 200 145  59 175
 207 209 190 111 165 161 154 116 204 156  56 175 170  60 103 190
 207 210 151 118 152 148 155 102 206 206 150  38  43  91 190 190
 211 210 160  94 132 156 164  94 207 208 205 201 186 200 200 194
 191 172 139  88 148 121 159  68 208 208 207 205 203 203 200 195
 130  51  56  89 150  99 179  36 190 207 208 208 205 203 200 194
 187  57  42 159 144  99 208  42 170 208 208 208 209 206 202 197
 210 192 145 210  79 138 211  44 161 208 208 207 206 206 203 201
 213 212 211 212 186 210 142  68 200 209 208 207 206 206 203 199
 208 212 212 212 214 211 176 195 210 211 210 208 207 207 206 201
 213 211 212 210 212 211 211 210 208 209 209 208 206 205 205 202
 195 192 192 192 192 190 191 189 185 185 186 182 180 176 172 170
 194 194 192 193 192 190 188 188 186 187 185 183 182 178 173 170
 194 195 194 193 193 191 190 189 189 186 185 185 183 180 137 154
 199 195 195 195 194 193 193 191 189 189 185 185 184 182  92 103
 198 197 197 195 195 196 194 144  98 161 186 187 185 184  38 134
 199 196 197 146 190 130 185  58 114  48 165 187 186 130  41 165
 198 197 178  95 152 148 142 104 192 144  38 162 155  45  87 180
 199 198 139 104 141 135 142  87 195 194 138  25  27  77 179 180
 202 199 147  81 119 142 151  80 196 195 194 189 173 187 185 183
 181 160 126  76 138 109 149  52 196 195 194 192 189 188 186 184
 117  42  48  75 139  86 169  21 176 195 195 193 193 189 185 183
 179  45  31 150 132  86 199  26 158 196 195 193 193 191 190 186
 201 182 133 201  62 124 201  31 147 196 196 194 194 192 188 189
 204 201 202 201 174 201 125  52 189 197 196 195 194 193 189 187
 200 202 200 201 202 201 164 185 198 199 198 195 195 194 192 190
 205 202 201 200 202 202 201 200 197 196 197 196 195 193 191 190
 186 184 182 183 182 179 181 180 177 178 176 173 171 167 167 163
 186 184 181 179 181 179 179 178 176 176 175 174 171 167 165 163
 184 181 184 183 181 180 179 180 176 177 176 175 174 170 132 144
 187 182 185 182 184 182 183 179 179 178 176 176 175 173  91  98
 187 184 185 186 186 182 183 138  96 149 179 177 175 176  38 127
 190 187 186 140 180 123 178  57 113  50 155 179 177 128  41 160
 191 187 170  91 146 140 137  97 183 142  38 154 150  47  85 172
 191 189 135 100 137 130 140  83 186 185 137  26  28  76 172 172
 193 192 142  80 115 138 149  78 187 188 185 182 166 180 176 174
 173 156 122  74 135 105 146  53 188 188 186 184 181 181 178 177
 115  44  50  75 135  86 165  24 170 190 187 186 185 183 181 176
 175  48  34 145 129  83 193  31 153 190 188 188 185 184 182 180
 196 178 132 195  65 122 195  34 143 189 188 189 189 188 183 182
 199 196 196 196 171 195 125  54 185 190 190 190 190 187 184 182
 196 197 196 196 196 196 161 181 193 191 190 189 189 188 184 185
 201 198 196 195 196 196 196 195 193 191 191 190 189 190 188 188

 179 183 168 119 145 175 190 190 194 195 194 197 201 199 201 202
 185 188 151 106  52  59 103 190 200 200 200 202 203 203 206 205
 189 194 193 194 196 145  60  91 200 203 203 206 206 206 207 205
 190 194 196 197 200 200 170  43 186 203 205 209 206 206 207 206
 192 196 198 197 202 201 175  38 201 205 208 208 207 207 208 208
 196 201 198 198 199 178  56 150 205 207 208 208 208 208 210 209
 195 203 201 203 175  64 156 206 208 208 207 208 208 209 211 209
 196 199 200 202 114 121 204 206 207 208 190 170 161 200 210 208
 197 200 203 203 160  75 116 102  94  68  36  42  44  68 195 210
 201 199 201 205 204 196 154 155 164 159 179 208 211 142 176 211
 201 200 202 205 205 149 161 148 156 121  99  99 138 210 211 211
 202 203 204 206 207 200 165 152 132 148 150 144  79 186 214 212
 201 203 205 206 207 165 111 118  94  88  89 159 210 212 212 210
 200 203 206 206 206 206 190 151 160 139  56  42 145 211 212 212
 202 203 206 205 206 208 209 210 210 172  51  57 192 212 212 211
 202 202 202 206 205 209 207 207 211 191 130 187 210 213 208 213
 170 170 154 103 134 165 180 180 183 184 183 186 189 187 190 190
 172 173 137  92  38  41  87 179 185 186 185 190 188 189 192 191
 176 178 180 182 184 130  45  77 187 188 189 191 192 193 194 193
 180 182 183 184 185 186 155  27 173 189 193 193 194 194 195 195
 182 183 185 185 187 187 162  25 189 192 193 193 194 195 195 196
 186 185 185 185 186 165  38 138 194 194 195 195 196 196 198 197
 185 187 186 189 161  48 144 194 195 195 195 196 196 197 199 196
 185 186 189 189  98 114 192 195 196 196 176 158 147 189 198 197
 189 188 189 191 144  58 104  87  80  52  21  26  31  52 185 200
 191 188 190 193 194 185 142 142 151 149 169 199 201 125 164 201
 190 190 191 193 196 130 148 135 142 109  86  86 124 201 201 202
 192 192 193 194 195 190 152 141 119 138 139 132  62 174 202 202
 192 193 193 195 195 146  95 104  81  76  75 150 201 201 201 200
 192 192 194 195 197 197 178 139 147 126  48  31 133 202 200 201
 192 194 195 195 197 196 197 198 199 160  42  45 182 201 202 202
 195 194 194 199 198 199 198 199 202 181 117 179 201 204 200 205
 163 163 144  98 127 160 172 172 174 177 176 180 182 182 185 188
 167 165 132  91  38  41  85 172 176 178 181 182 183 184 184 188
 167 167 170 173 176 128  47  76 180 181 183 184 188 187 188 190
 171 171 174 175 175 177 150  28 166 181 185 185 189 190 189 189
 173 174 175 176 177 179 154  26 182 184 186 188 189 190 189 190
 176 175 176 176 179 155  38 137 185 186 187 188 188 190 190 191
 178 176 177 178 149  50 142 185 188 188 190 190 189 190 191 191
 177 176 176 179  96 113 183 186 187 188 170 153 143 185 193 193
 180 178 180 179 138  57  97  83  78  53  24  31  34  54 181 195
 181 179 179 183 183 178 137 140 149 146 165 193 195 125 161 196
 179 179 180 182 182 123 140 130 138 105  86  83 122 195 196 196
 182 181 181 184 186 180 146 137 115 135 135 129  65 171 196 196
 183 179 183 182 186 140  91 100  80  74  75 145 195 196 196 195
 182 181 184 185 185 186 170 135 142 122  50  34 132 196 196 196
 184 184 181 182 184 187 187 189 192 156  44  48 178 196 197 198
 186 186 184 187 187 190 191 191 193 173 115 175 196 199 196 201

 202 205 205 206 208 209 209 208 210 211 211 212 210 212 211 213
 201 206 207 207 208 210 211 210 195 176 211 214 212 212 212 208
 199 203 206 206 207 208 209 200  68 142 210 186 212 211 212 213
 201 203 206 206 207 208 208 161  44 211 138  79 210 145 192 210
 197 202 206 209 208 208 208 170  42 208  99 144 159  42  57 187
 194 200 203 205 208 208 207 190  36 179  99 150  89  56  51 130
 195 200 203 203 205 207 208 208  68 159 121 148  88 139 172 191
 194 200 200 186 201 205 208 207  94 164 156 132  94 160 210 211
 190 190  91  43  38 150 206 206 102 155 148 152 118 151 210 207
 190 103  60 170 175  56 156 204 116 154 161 165 111 190 209 207
 175  59 145 200 201 178  64 121  75 196 149 200 165 206 208 209
 145  52 196 200 202 199 175 114 160 204 205 207 207 206 206 205
 119 106 194 197 197 198 203 202 203 205 205 206 206 206 205 206
 168 151 193 196 198 198 201 200 203 201 202 204 205 206 206 202
 183 188 194 194 196 201 203 199 200 199 200 203 203 203 203 202
 179 185 189 190 192 196 195 196 197 201 201 202 201 200 202 202
 190 191 193 195 196 197 196 197 200 201 202 202 200 201 202 205
 190 192 194 195 195 198 199 198 185 164 201 202 201 200 202 200
 187 189 193 194 195 196 197 189  52 125 201 174 201 202 201 204
 189 188 192 194 194 196 196 147  31 201 124  62 201 133 182 201
 186 190 191 193 193 195 196 158  26 199  86 132 150  31  45 179
 183 185 189 193 193 195 195 176  21 169  86 139  75  48  42 117
 184 186 188 189 192 194 195 196  52 149 109 138  76 126 160 181
 183 185 187 173 189 194 195 196  80 151 142 119  81 147 199 202
 180 179  77  27  25 138 194 195  87 142 135 141 104 139 198 199
 180  87  45 155 162  38 144 192 104 142 148 152  95 178 197 198
 165  41 130 186 187 165  48 114  58 185 130 190 146 197 196 199
 134  38 184 185 187 186 161  98 144 194 196 195 195 197 197 198
 103  92 182 184 185 185 189 189 191 193 193 194 195 195 195 199
 154 137 180 183 185 185 186 189 189 190 191 193 193 194 195 194
 170 173 178 182 183 185 187 186 188 188 190 192 193 192 194 194
 170 172 176 180 182 186 185 185 189 191 190 192 192 192 192 195
 188 188 190 189 190 191 191 193 195 196 196 196 195 196 198 201
 185 184 188 189 189 190 191 193 181 161 196 196 196 196 197 196
 182 184 187 190 190 190 190 185  54 125 195 171 196 196 196 199
 182 183 188 189 189 188 189 143  34 195 122  65 195 132 178 196
 180 182 184 185 188 188 190 153  31 193  83 129 145  34  48 175
 176 181 183 185 186 187 190 170  24 165  86 135  75  50  44 115
 177 178 181 181 184 186 188 188  53 146 105 135  74 122 156 173
 174 176 180 166 182 185 188 187  78 149 138 115  80 142 192 193
 172 172  76  28  26 137 185 186  83 140 130 137 100 135 189 191
 172  85  47 150 154  38 142 183  97 137 140 146  91 170 187 191
 160  41 128 177 179 155  50 113  57 178 123 180 140 186 187 190
 127  38 176 175 177 179 149  96 138 183 182 186 186 185 184 187
  98  91 173 175 176 176 178 179 179 183 182 184 182 185 182 187
 144 132 170 174 175 176 177 176 180 179 180 181 183 184 181 184
 163 165 167 171 174 175 176 176 178 179 179 181 179 181 184 186
 163 167 167 171 173 176 178 177 180 181 179 182 183 182 184 186

