 246 249 249 249 248 249 248 248 248 246 246 250 249 246 240 238
 251 251 253 253 253 226 151 241 251 234 252 252 252 251 252 251
 243 253 254 253 253 253 177 125 244 203 211 252 252 253 253 253
 240 254 254 254 223 144 239 179 187 249 169 253 252 252 253 252
 249 253 254 254 253 222 174 240 152 252 185 253 253 252 252 252
 252 254 254 254 253 248 161 253 182 246 142 253 252 252 252 252
 234 253 254 254 253 205 176 231 153 192 175 252 252 252 251 250
 239 253 253 254 252 140 242 173 197 168 229 252 252 252 251 250
 252 253 253 253 243 152 250 167 241 136 223 251 252 252 252 250
 253 253 253 253 248 159 251 140 248 124 228 251 251 250 251 250
 226 252 253 254 249 139 251 143 217 151 167 249 249 249 249 249
 240 252 252 252 253 135 240 182 141 231  93 154 235 248 248 249
 247 252 253 253 253 172 160 232 125 148 215 122 187 249 247 250
 243 253 253 254 253 246 143 112 231 106 126 179 246 249 251 250
 228 252 252 252 252 252 248 182 223 246 198 114 184 251 250 250
 240 251 252 252 252 250 245 244 246 247 247 246 248 250 249 249
 227 234 234 233 230 234 234 234 232 228 227 234 233 227 221 221
 230 231 231 231 231 198 100 216 231 208 231 230 230 231 230 232
 220 231 231 231 232 233 146  74 218 172 179 231 230 231 230 232
 217 232 231 231 194  93 213 147 151 228 128 231 230 230 230 233
 227 231 231 231 231 197 134 215 115 230 148 232 231 230 230 230
 232 231 230 231 230 226 123 231 145 223  97 233 230 230 230 230
 214 231 230 230 230 173 141 207 115 159 139 230 230 230 229 231
 216 231 230 230 233  98 223 137 163 131 201 230 230 230 229 232
 226 230 231 231 220 108 230 126 219  97 197 230 230 230 230 231
 230 230 231 230 224 123 230  99 224  83 202 229 229 228 229 229
 205 231 231 230 225  95 232 104 188 113 125 229 227 227 227 229
 219 230 230 230 233  92 218 152 100 207  51 113 209 226 226 228
 225 229 230 230 231 140 120 211  90 108 194  82 151 227 226 230
 223 230 230 230 230 223 107  64 206  68  84 143 224 227 228 229
 207 230 230 230 230 229 227 149 193 227 173  70 142 227 227 229
 221 232 228 234 233 232 226 222 228 230 231 226 226 232 230 233
 224 230 231 231 226 229 228 230 230 225 222 229 228 223 215 217
 230 225 224 224 224 192  94 209 224 202 224 223 223 223 223 227
 217 225 225 225 223 224 143  74 213 166 173 224 223 224 223 227
 213 225 225 224 191  93 211 143 142 220 123 224 223 223 222 225
 223 224 224 224 224 194 132 211 111 221 139 225 220 223 222 224
 231 225 224 224 224 220 114 225 139 216  91 224 222 223 220 223
 211 224 224 224 223 171 138 199 109 160 144 224 223 223 221 225
 212 224 224 224 227 100 223 136 163 135 201 223 222 221 220 225
 224 225 224 224 214 112 226 127 215  99 196 223 220 221 223 223
 231 224 224 224 221 128 227  96 219  79 196 222 222 221 222 222
 201 224 224 224 221 101 227 102 184 112 122 221 220 220 219 223
 213 224 223 223 227  90 213 151  98 202  52 110 199 217 218 223
 224 225 223 224 224 137 120 208  89 108 191  87 147 220 219 224
 219 224 223 224 224 220 108  68 204  68  83 141 217 218 219 221
 204 223 223 223 224 223 223 148 192 222 172  73 142 216 219 222
 215 226 220 225 226 226 220 217 221 220 222 220 218 220 222 226

 238 251 253 252 252 252 250 250 250 250 249 249 250 250 250 249
 240 252 253 253 252 252 251 251 252 251 249 248 247 251 250 249
 246 251 253 252 252 252 252 252 252 250 249 248 249 249 251 250
 249 252 252 252 253 252 252 252 252 251 249 235 187 246 184 248
 250 252 252 253 253 253 252 252 251 251 249 154 122 179 114 246
 246 252 211 169 185 142 175 229 223 228 167  93 215 126 198 247
 246 234 203 249 252 246 192 168 136 124 151 231 148 106 246 247
 248 251 244 187 152 182 153 197 241 248 217 141 125 231 223 246
 248 241 125 179 240 253 231 173 167 140 143 182 232 112 182 244
 248 151 177 239 174 161 176 242 250 251 251 240 160 143 248 245
 249 226 253 144 222 248 205 140 152 159 139 135 172 246 252 250
 248 253 253 223 253 253 253 252 243 248 249 253 253 253 252 252
 249 253 253 254 254 254 254 254 253 253 254 252 253 254 252 252
 249 253 254 254 254 254 254 253 253 253 253 252 253 253 252 252
 249 251 253 254 253 254 253 253 253 253 252 252 252 253 252 251
 246 251 243 240 249 252 234 239 252 253 226 240 247 243 228 240
 221 232 232 233 230 230 231 232 231 229 229 228 230 229 229 233
 221 230 230 230 230 230 229 229 230 229 227 226 226 228 227 230
 227 231 231 230 230 230 230 230 230 228 227 226 227 227 227 232
 233 230 230 230 231 230 230 230 230 229 227 209 151 224 142 226
 234 230 231 231 232 233 230 230 230 229 229 113  82 143  70 226
 227 231 179 128 148  97 139 201 197 202 125  51 194  84 173 231
 228 208 172 228 230 223 159 131  97  83 113 207 108  68 227 230
 232 231 218 151 115 145 115 163 219 224 188 100  90 206 193 228
 234 216  74 147 215 231 207 137 126  99 104 152 211  64 149 222
 234 100 146 213 134 123 141 223 230 230 232 218 120 107 227 226
 234 198 233  93 197 226 173  98 108 123  95  92 140 223 229 232
 230 231 232 194 231 230 230 233 220 224 225 233 231 230 230 233
 233 231 231 231 231 231 230 230 231 230 230 230 230 230 230 234
 234 231 231 231 231 230 230 230 231 231 231 230 230 230 230 228
 234 231 231 232 231 231 231 231 230 230 231 230 229 230 230 232
 227 230 220 217 227 232 214 216 226 230 205 219 225 223 207 221
 217 227 227 225 224 223 225 225 223 222 223 223 224 221 222 226
 215 223 223 222 222 220 221 220 223 222 219 218 219 219 219 222
 223 223 224 223 223 223 223 221 221 221 220 217 220 218 216 220
 228 223 223 223 220 222 223 222 220 222 220 199 147 217 142 218
 229 223 224 224 225 224 224 223 223 222 221 110  87 141  73 220
 222 224 173 123 139  91 144 201 196 196 122  52 191  83 172 222
 225 202 166 220 221 216 160 135  99  79 112 202 108  68 222 220
 230 224 213 142 111 139 109 163 215 219 184  98  89 204 192 221
 230 209  74 143 211 225 199 136 127  96 102 151 208  68 148 217
 228  94 143 211 132 114 138 223 226 227 227 213 120 108 223 220
 229 192 224  93 194 220 171 100 112 128 101  90 137 220 223 226
 226 224 223 191 224 224 223 227 214 221 221 227 224 224 224 226
 231 224 225 224 224 224 224 224 224 224 224 223 224 224 223 225
 231 224 225 225 224 224 224 224 224 224 224 223 223 223 223 220
 230 225 225 225 224 225 224 224 225 224 224 224 225 224 223 226
 224 230 217 213 223 231 211 212 224 231 201 213 224 219 204 215

 249 249 250 248 246 247 247 246 244 245 250 252 252 252 251 240
 250 250 251 184 114 198 246 223 182 248 252 252 252 252 252 228
 250 251 249 246 179 126 106 231 112 143 246 253 254 253 253 243
 250 247 249 187 122 215 148 125 232 160 172 253 253 253 252 247
 249 248 248 235 154  93 231 141 182 240 135 253 252 252 252 240
 249 249 249 249 249 167 151 217 143 251 139 249 254 253 252 226
 250 251 250 251 251 228 124 248 140 251 159 248 253 253 253 253
 250 252 252 252 251 223 136 241 167 250 152 243 253 253 253 252
 250 251 252 252 252 229 168 197 173 242 140 252 254 253 253 239
 250 251 252 252 252 175 192 153 231 176 205 253 254 254 253 234
 252 252 252 252 253 142 246 182 253 161 248 253 254 254 254 252
 252 252 252 253 253 185 252 152 240 174 222 253 254 254 253 249
 252 253 252 252 253 169 249 187 179 239 144 223 254 254 254 240
 253 253 253 252 252 211 203 244 125 177 253 253 253 254 253 243
 251 252 251 252 252 252 234 251 241 151 226 253 253 253 251 251
 238 240 246 249 250 246 246 248 248 248 249 248 249 249 249 246
 233 230 232 226 226 231 230 228 222 226 232 233 234 228 232 221
 229 227 227 142  70 173 227 193 149 227 229 230 230 230 230 207
 229 228 227 224 143  84  68 206  64 107 223 230 230 230 230 223
 230 226 227 151  82 194 108  90 211 120 140 231 230 230 229 225
 228 226 226 209 113  51 207 100 152 218  92 233 230 230 230 219
 229 227 227 227 229 125 113 188 104 232  95 225 230 231 231 205
 229 229 228 229 229 202  83 224  99 230 123 224 230 231 230 230
 231 230 230 230 230 197  97 219 126 230 108 220 231 231 230 226
 232 229 230 230 230 201 131 163 137 223  98 233 230 230 231 216
 231 229 230 230 230 139 159 115 207 141 173 230 230 230 231 214
 230 230 230 230 233  97 223 145 231 123 226 230 231 230 231 232
 230 230 230 231 232 148 230 115 215 134 197 231 231 231 231 227
 233 230 230 230 231 128 228 151 147 213  93 194 231 231 232 217
 232 230 231 230 231 179 172 218  74 146 233 232 231 231 231 220
 232 230 231 230 230 231 208 231 216 100 198 231 231 231 231 230
 221 221 227 233 234 227 228 232 234 234 234 230 233 234 234 227
 226 222 220 218 220 222 220 221 217 220 226 226 225 220 226 215
 222 219 216 142  73 172 222 192 148 223 223 224 223 223 223 204
 221 219 218 217 141  83  68 204  68 108 220 224 224 223 224 219
 224 219 220 147  87 191 108  89 208 120 137 224 224 223 225 224
 223 218 217 199 110  52 202  98 151 213  90 227 223 223 224 213
 223 219 220 220 221 122 112 184 102 227 101 221 224 224 224 201
 222 222 221 222 222 196  79 219  96 227 128 221 224 224 224 231
 223 223 221 220 223 196  99 215 127 226 112 214 224 224 225 224
 225 220 221 222 223 201 135 163 136 223 100 227 224 224 224 212
 225 221 223 223 224 144 160 109 199 138 171 223 224 224 224 211
 223 220 223 222 224  91 216 139 225 114 220 224 224 224 225 231
 224 222 223 220 225 139 221 111 211 132 194 224 224 224 224 223
 225 222 223 223 224 123 220 142 143 211  93 191 224 225 225 213
 227 223 224 223 224 173 166 213  74 143 224 223 225 225 225 217
 227 223 223 223 223 224 202 224 209  94 192 224 224 224 225 230
 217 215 223 228 229 222 225 230 230 228 229 226 231 231 230 224

 240 228 243 247 240 226 253 252 239 234 252 249 240 243 251 246
 251 252 253 252 252 252 253 253 253 253 254 253 254 253 251 249
 252 252 253 253 252 253 253 253 253 254 254 254 254 254 253 249
 252 252 254 253 252 254 253 253 254 254 254 254 254 253 253 249
 252 252 253 253 253 249 248 243 252 253 253 253 223 253 253 248
 250 252 246 172 135 139 159 152 140 205 248 222 144 253 226 249
 245 248 143 160 240 251 251 250 242 176 161 174 239 177 151 248
 244 182 112 232 182 143 140 167 173 231 253 240 179 125 241 248
 246 223 231 125 141 217 248 241 197 153 182 152 187 244 251 248
 247 246 106 148 231 151 124 136 168 192 246 252 249 203 234 246
 247 198 126 215  93 167 228 223 229 175 142 185 169 211 252 246
 246 114 179 122 154 249 251 251 252 252 253 253 253 252 252 250
 248 184 246 187 235 249 251 252 252 252 252 253 252 252 252 249
 250 251 249 249 248 249 250 252 252 252 252 252 252 253 251 246
 249 250 251 247 248 249 251 252 251 251 252 252 253 253 252 240
 249 250 250 250 249 249 250 250 250 250 252 252 252 253 251 238
 221 207 223 225 219 205 230 226 216 214 232 227 217 220 230 227
 232 230 230 229 230 231 230 230 231 231 231 231 232 231 231 234
 228 230 230 230 230 231 231 231 230 230 230 231 231 231 231 234
 234 230 230 230 230 230 230 231 230 230 231 231 231 231 231 233
 233 230 230 231 233 225 224 220 233 230 230 231 194 232 231 230
 232 229 223 140  92  95 123 108  98 173 226 197  93 233 198 234
 226 227 107 120 218 232 230 230 223 141 123 134 213 146 100 234
 222 149  64 211 152 104  99 126 137 207 231 215 147  74 216 234
 228 193 206  90 100 188 224 219 163 115 145 115 151 218 231 232
 230 227  68 108 207 113  83  97 131 159 223 230 228 172 208 228
 231 173  84 194  51 125 202 197 201 139  97 148 128 179 231 227
 226  70 143  82 113 229 229 230 230 230 233 232 231 231 230 234
 226 142 224 151 209 227 229 230 230 230 230 231 230 230 230 233
 232 227 227 227 226 227 228 230 230 230 230 230 230 231 231 227
 230 227 228 226 226 227 229 230 229 229 230 230 230 230 230 221
 233 229 229 230 228 229 229 231 232 231 230 230 233 232 232 221
 215 204 219 224 213 201 231 224 212 211 231 223 213 217 230 224
 226 223 224 225 224 224 224 225 224 224 225 224 225 225 225 230
 220 223 223 223 223 224 224 224 224 224 224 224 225 225 224 231
 225 223 224 224 223 224 224 224 224 224 224 224 224 225 224 231
 226 224 224 224 227 221 221 214 227 223 224 224 191 223 224 226
 226 223 220 137  90 101 128 112 100 171 220 194  93 224 192 229
 220 223 108 120 213 227 227 226 223 138 114 132 211 143  94 228
 217 148  68 208 151 102  96 127 136 199 225 211 143  74 209 230
 221 192 204  89  98 184 219 215 163 109 139 111 142 213 224 230
 220 222  68 108 202 112  79  99 135 160 216 221 220 166 202 225
 222 172  83 191  52 122 196 196 201 144  91 139 123 173 224 222
 220  73 141  87 110 221 222 223 223 224 224 225 224 224 223 229
 218 142 217 147 199 220 222 220 222 223 222 220 223 223 223 228
 220 216 218 220 217 220 221 221 221 223 223 223 223 224 223 223
 222 219 219 219 218 219 222 223 220 221 220 222 222 223 223 215
 226 222 221 224 223 223 222 223 225 225 223 224 225 227 227 217

