 177 180 180 179 181 167 140 118 103 137 169 182 178 179 180 170
 176 182 179 187 108 123 134 156 154 160 151 124 167 180 183 169
 179 178 181 107 167  90  44  31  40  46  76 174 127 187 182 176
 178 188 117 163  96  31  27  19  18  26  36  93 174 103 180 177
 182 116 158  94  30  18  16  17  17  16  18  29 103 164 136 175
 163 125 113  31  19  15  15  17  17  16  17  18  33 123 145 172
 133 165  75  28  19  16  20  92 106  44  19  12  22  62 170 136
 112 179  89  20  16  20 112  59  71  95  19  14  19  63 178 121
 116 180  99  19  14  20 138  94 107  98  29  17  19  51 174 129
 124 147  67  22  14  19  68 102  93  71  17  15  19  42 164 127
 168 113  96  33  18  16  22  39  61  21  17  16  28  85 150 149
 177 117 174  65  27  18  16  17  17  15  17  23  53 158 133 176
 177 178 126 180  64  26  19  19  19  19  25  42 161 147 156 174
 180 184 163 112 178  72  34  31  37  38  54 161 153 141 180 170
 174 182 181 164 126 153 176 179 161 147 158 123 152 180 179 174
 163 180 182 182 179 152 133 117 102 113 144 174 180 178 180 175
 176 173 174 174 174 159 130 106  91 129 159 174 172 173 171 166
 176 175 175 173  95 111 121 150 146 148 138 108 155 173 174 167
 176 175 173  85 158  76  30  23  30  34  69 166 110 171 174 172
 177 178  95 156  86  21  16  12  10  19  23  83 171  82 170 173
 180  93 151  85  20  13  10  11  10  10  11  17  95 151 116 175
 159 117 107  22  11  10  10  11  11   9  11  12  19 114 129 171
 120 164  65  22  13  13  15  87 100  35   9  11  15  46 164 129
  93 180  79  14  13  13 111  48  59  88   8  11  14  47 176 108
 102 181  89  12  13  13 139  79  90  92  23  11  12  32 173 115
 109 139  54  13  10  12  67  94  87  67   9   9  14  21 157 114
 161  97  86  17  11  10  15  36  60  15  11  10  17  67 137 143
 179  92 169  50  14  12  10  10  12   9  11  14  37 150 111 177
 176 166 109 174  48  14  12  11  12  10  11  22 152 130 140 173
 177 176 151  97 167  58  18  18  26  22  38 150 138 122 173 166
 170 177 178 153 112 144 163 169 153 137 144 106 140 172 172 171
 163 178 180 180 175 147 127 108  94 110 134 167 176 174 174 175
 176 172 173 173 172 159 131 106  88 131 158 171 172 174 171 170
 176 173 174 174  95 112 124 150 147 151 141 110 156 174 169 168
 177 175 174  87 161  80  35  28  37  39  72 167 109 172 171 173
 178 179  96 158  91  27  24  22  21  26  29  87 170  83 170 176
 180  93 151  89  27  22  21  22  21  21  23  25  96 153 119 176
 158 118 109  26  22  20  18  17  17  18  22  22  22 114 129 170
 122 165  68  26  23  20  18  90 104  39  21  19  19  44 163 132
  95 182  83  21  21  19 113  51  60  89  17  20  20  48 178 116
 105 182  93  23  21  20 142  82  93  94  29  22  21  33 176 119
 108 140  56  23  22  22  70  93  88  73  21  19  19  24 160 115
 158  98  84  22  21  21  23  40  63  24  23  20  21  68 139 142
 177  92 167  51  20  22  21  21  21  20  22  19  35 150 113 178
 177 165 109 173  50  19  19  21  20  19  19  24 151 134 141 177
 181 179 150  96 168  58  20  21  26  27  39 150 140 122 173 169
 170 178 178 152 114 145 164 169 152 140 146 109 139 173 173 172
 164 181 181 182 177 149 129 111  97 111 135 170 179 177 177 177

 170 169 176 177 175 172 136 121 129 127 149 176 174 170 174 175
 180 183 182 180 136 145 170 178 174 164 150 133 156 180 179 180
 179 180 187 103 164 123  62  63  51  42  85 158 147 141 180 178
 178 167 127 174 103  33  22  19  19  19  28  53 161 153 152 180
 182 124 174  93  29  18  12  14  17  15  16  23  42 161 123 174
 169 151  76  36  18  17  19  19  29  17  17  17  25  54 158 144
 137 160  46  26  16  16  44  95  98  71  21  15  19  38 147 113
 103 154  40  18  17  17 106  71 107  93  61  17  19  37 161 102
 118 156  31  19  17  17  92  59  94 102  39  17  19  31 179 117
 140 134  44  27  16  15  20 112 138  68  22  16  19  34 176 133
 167 123  90  31  18  15  16  20  20  19  16  18  26  72 153 152
 181 108 167  96  30  19  19  16  14  14  18  27  64 178 126 179
 179 187 107 163  94  31  28  20  19  22  33  65 180 112 164 182
 180 179 181 117 158 113  75  89  99  67  96 174 126 163 181 182
 180 182 178 188 116 125 165 179 180 147 113 117 178 184 182 180
 177 176 179 178 182 163 133 112 116 124 168 177 177 180 174 163
 166 167 172 173 175 171 129 108 115 114 143 177 173 166 171 175
 171 174 174 170 116 129 164 176 173 157 137 111 140 173 172 174
 173 173 171  82 151 114  46  47  32  21  67 150 130 122 172 174
 172 155 110 171  95  19  15  14  12  14  17  37 152 138 140 176
 174 108 166  83  17  12  11  11  11   9  10  14  22 150 106 167
 159 138  69  23  11  11   9   8  23   9  11  11  11  38 144 134
 129 148  34  19  10   9  35  88  92  67  15   9  10  22 137 110
  91 146  30  10  10  11 100  59  90  87  60  12  12  26 153  94
 106 150  23  12  11  11  87  48  79  94  36  10  11  18 169 108
 130 121  30  16  10  10  15 111 139  67  15  10  12  18 163 127
 159 111  76  21  13  10  13  13  13  12  10  12  14  58 144 147
 174  95 158  86  20  11  13  13  13  10  11  14  48 167 112 175
 174 173  85 156  85  22  22  14  12  13  17  50 174  97 153 180
 174 175 173  95 151 107  65  79  89  54  86 169 109 151 178 180
 173 175 175 178  93 117 164 180 181 139  97  92 166 176 177 178
 176 176 176 177 180 159 120  93 102 109 161 179 176 177 170 163
 170 168 173 176 176 170 132 116 119 115 142 178 177 169 172 177
 171 169 171 170 119 129 163 178 176 160 139 113 141 173 173 177
 174 174 172  83 153 114  44  48  33  24  68 150 134 122 173 177
 172 156 109 170  96  22  19  20  21  19  21  35 151 140 139 179
 171 110 167  87  25  22  19  20  22  19  20  19  24 150 109 170
 158 141  72  29  23  22  21  17  29  21  23  22  19  39 146 135
 131 151  39  26  21  18  39  89  94  73  24  20  19  27 140 111
  88 147  37  21  21  17 104  60  93  88  63  21  20  26 152  97
 106 150  28  22  22  17  90  51  82  93  40  21  21  21 169 111
 131 124  35  24  21  18  18 113 142  70  23  21  19  20 164 129
 159 112  80  27  22  20  20  19  20  22  21  22  19  58 145 149
 172  95 161  91  27  22  23  21  21  22  21  20  50 168 114 177
 173 174  87 158  89  26  26  21  23  23  22  51 173  96 152 182
 173 174 174  96 151 109  68  83  93  56  84 167 109 150 178 181
 172 173 175 179  93 118 165 182 182 140  98  92 165 179 178 181
 176 176 177 178 180 158 122  95 105 108 158 177 177 181 170 164

 175 180 178 180 174 144 113 102 117 133 152 179 182 182 180 163
 174 179 180 152 123 158 147 161 179 176 153 126 164 181 182 174
 170 180 141 153 161  54  38  37  31  34  72 178 112 163 184 180
 174 156 147 161  42  25  19  19  19  19  26  64 180 126 178 177
 176 133 158  53  23  17  15  17  17  16  18  27  65 174 117 177
 149 150  85  28  16  17  21  61  39  22  16  18  33  96 113 168
 127 164  42  19  15  17  71  93 102  68  19  14  22  67 147 124
 129 174  51  19  17  29  98 107  94 138  20  14  19  99 180 116
 121 178  63  19  14  19  95  71  59 112  20  16  20  89 179 112
 136 170  62  22  12  19  44 106  92  20  16  19  28  75 165 133
 172 145 123  33  18  17  16  17  17  15  15  19  31 113 125 163
 175 136 164 103  29  18  16  17  17  16  18  30  94 158 116 182
 177 180 103 174  93  36  26  18  19  27  31  96 163 117 188 178
 176 182 187 127 174  76  46  40  31  44  90 167 107 181 178 179
 169 183 180 167 124 151 160 154 156 134 123 108 187 179 182 176
 170 180 179 178 182 169 137 103 118 140 167 181 179 180 180 177
 175 174 174 176 167 134 110  94 108 127 147 175 180 180 178 163
 171 172 172 140 106 144 137 153 169 163 144 112 153 178 177 170
 166 173 122 138 150  38  22  26  18  18  58 167  97 151 176 177
 173 140 130 152  22  11  10  12  11  12  14  48 174 109 166 176
 177 111 150  37  14  11   9  12  10  10  12  14  50 169  92 179
 143 137  67  17  10  11  15  60  36  15  10  11  17  86  97 161
 114 157  21  14   9   9  67  87  94  67  12  10  13  54 139 109
 115 173  32  12  11  23  92  90  79 139  13  13  12  89 181 102
 108 176  47  14  11   8  88  59  48 111  13  13  14  79 180  93
 129 164  46  15  11   9  35 100  87  15  13  13  22  65 164 120
 171 129 114  19  12  11   9  11  11  10  10  11  22 107 117 159
 175 116 151  95  17  11  10  10  11  10  13  20  85 151  93 180
 173 170  82 171  83  23  19  10  12  16  21  86 156  95 178 177
 172 174 171 110 166  69  34  30  23  30  76 158  85 173 175 176
 167 174 173 155 108 138 148 146 150 121 111  95 173 175 175 176
 166 171 173 172 174 159 129  91 106 130 159 174 174 174 173 176
 177 177 177 179 170 135 111  97 111 129 149 177 182 181 181 164
 172 173 173 139 109 146 140 152 169 164 145 114 152 178 178 170
 169 173 122 140 150  39  27  26  21  20  58 168  96 150 179 181
 177 141 134 151  24  19  19  20  21  19  19  50 173 109 165 177
 178 113 150  35  19  22  20  21  21  21  22  20  51 167  92 177
 142 139  68  21  20  23  24  63  40  23  21  21  22  84  98 158
 115 160  24  19  19  21  73  88  93  70  22  22  23  56 140 108
 119 176  33  21  22  29  94  93  82 142  20  21  23  93 182 105
 116 178  48  20  20  17  89  60  51 113  19  21  21  83 182  95
 132 163  44  19  19  21  39 104  90  18  20  23  26  68 165 122
 170 129 114  22  22  22  18  17  17  18  20  22  26 109 118 158
 176 119 153  96  25  23  21  21  22  21  22  27  89 151  93 180
 176 170  83 170  87  29  26  21  22  24  27  91 158  96 179 178
 173 171 172 109 167  72  39  37  28  35  80 161  87 174 175 177
 168 169 174 156 110 141 151 147 150 124 112  95 174 174 173 176
 170 171 174 172 171 158 131  88 106 131 159 172 173 173 172 176

 163 174 180 177 177 168 124 116 112 133 163 182 178 179 176 177
 180 182 184 178 117 113 147 180 179 165 125 116 188 178 182 180
 182 181 163 126 174  96  67  99  89  75 113 158 117 181 179 180
 182 164 112 180  65  33  22  19  20  28  31  94 163 107 187 179
 179 126 178  64  27  18  14  14  16  19  19  30  96 167 108 181
 152 153  72  26  18  16  19  20  20  16  15  18  31  90 123 167
 133 176  34  19  16  22  68 138 112  20  15  16  27  44 134 140
 117 179  31  19  17  39 102  94  59  92  17  17  19  31 156 118
 102 161  37  19  17  61  93 107  71 106  17  17  18  40 154 103
 113 147  38  19  15  21  71  98  95  44  16  16  26  46 160 137
 144 158  54  25  17  17  17  29  19  19  17  18  36  76 151 169
 174 123 161  42  23  16  15  17  14  12  18  29  93 174 124 182
 180 152 153 161  53  28  19  19  19  22  33 103 174 127 167 178
 178 180 141 147 158  85  42  51  63  62 123 164 103 187 180 179
 180 179 180 156 133 150 164 174 178 170 145 136 180 182 183 180
 175 174 170 174 176 149 127 129 121 136 172 175 177 176 169 170
 163 170 177 176 179 161 109 102  93 120 159 180 177 176 176 176
 178 177 176 166  92  97 139 181 180 164 117  93 178 175 175 173
 180 178 151 109 169  86  54  89  79  65 107 151  95 173 175 174
 180 153  97 174  50  17  13  12  14  22  22  85 156  85 173 174
 175 112 167  48  14  11  10  13  13  13  11  20  86 158  95 174
 147 144  58  14  12  10  12  13  13  13  10  13  21  76 111 159
 127 163  18  12  10  15  67 139 111  15  10  10  16  30 121 130
 108 169  18  11  10  36  94  79  48  87  11  11  12  23 150 106
  94 153  26  12  12  60  87  90  59 100  11  10  10  30 146  91
 110 137  22  10   9  15  67  92  88  35   9  10  19  34 148 129
 134 144  38  11  11  11   9  23   8   9  11  11  23  69 138 159
 167 106 150  22  14  10   9  11  11  11  12  17  83 166 108 174
 176 140 138 152  37  17  14  12  14  15  19  95 171 110 155 172
 174 172 122 130 150  67  21  32  47  46 114 151  82 171 173 173
 174 172 173 140 111 137 157 173 176 164 129 116 170 174 174 171
 175 171 166 173 177 143 114 115 108 129 171 175 173 172 167 166
 164 170 181 177 177 158 108 105  95 122 158 180 178 177 176 176
 181 178 179 165  92  98 140 182 182 165 118  93 179 175 173 172
 181 178 150 109 167  84  56  93  83  68 109 151  96 174 174 173
 182 152  96 173  51  22  23  23  21  26  26  89 158  87 174 173
 177 114 168  50  20  21  22  21  21  23  22  27  91 161  95 172
 149 145  58  19  22  21  22  20  19  20  20  22  27  80 112 159
 129 164  20  19  21  23  70 142 113  18  18  21  24  35 124 131
 111 169  21  21  21  40  93  82  51  90  17  22  22  28 150 106
  97 152  26  20  21  63  88  93  60 104  17  21  21  37 147  88
 111 140  27  19  20  24  73  94  89  39  18  21  26  39 151 131
 135 146  39  19  22  23  21  29  17  21  22  23  29  72 141 158
 170 109 150  24  19  20  19  22  20  19  22  25  87 167 110 171
 179 139 140 151  35  21  19  21  20  19  22  96 170 109 156 172
 177 173 122 134 150  68  24  33  48  44 114 153  83 172 174 174
 177 173 173 141 113 139 160 176 178 163 129 119 170 171 169 171
 177 172 169 177 178 142 115 119 116 132 170 176 176 173 168 170

