 171 172 177 179 180 184 184 151 196 195 198 204 207 209 213 215
 171 173 178 180 186 185 183  74 154 198 201 203 206 209 212 215
 172 174 174 178 184 183 186  89 150 200 201 202 205 208 211 215
 169 173 177 178 179 180 182  78 172 197 201 202 204 206 211 214
 170 173 176 181 183 185 185 100 127 191 201 203 205 207 210 218
 169 171 175 180 181 181 105  67  65  75 189 200 203 206 211 216
 170 170 174 178 178 153  61  63  68  66 147 200 204 206 212 215
 170 168 172 176 177 132  63  65  72  75 168 201 201 208 211 211
 168 170 174 179 180 179  94  70  80 145 198 199 202 205 207 212
 162 170 172 175 177 180 183 107 134 192 196 201 205 207 211 211
 166 169 172 173 176 176 181 134 122 193 197 201 204 206 209 210
 167 168 173 174 175 178 180 138 124 190 196 201 203 205 209 211
 165 167 171 172 172 174 180 150  68 188 194 197 199 205 209 210
 165 169 172 173 169 148  95  82  62  74  90 113 151 204 207 210
 164 169 170 129  52  53  58  68  80  62  68  74  81 163 207 209
 140 158 144 119 127 134 139 148 145 149 169 162 148 188 204 201
 188 191 192 192 194 197 198 153 202 206 208 208 210 211 213 215
 188 190 192 190 195 197 195  58 147 204 207 208 210 210 213 214
 189 189 191 193 192 195 196  74 146 203 205 208 209 211 213 214
 187 189 190 191 194 197 198  70 172 203 204 208 207 210 211 214
 188 189 189 191 193 195 196  93 121 197 205 206 208 209 211 212
 186 188 191 191 192 193  98  53  54  57 189 206 208 209 211 212
 186 188 189 189 191 159  49  55  62  56 140 205 206 208 210 211
 184 185 186 189 190 136  53  55  60  58 162 203 205 206 207 210
 184 185 189 188 189 189  87  56  65 143 201 200 203 206 208 209
 184 184 187 189 188 189 190 100 124 197 199 201 203 206 208 209
 182 184 187 187 188 186 188 133 112 197 198 200 204 203 207 209
 181 183 186 188 187 189 191 139 116 196 198 199 203 204 205 206
 179 181 183 185 186 187 190 150  48 190 195 200 200 203 205 205
 178 181 183 182 176 150  85  71  50  57  78 104 141 199 203 206
 179 179 182 128  37  40  45  53  65  49  57  60  56 143 200 202
 152 168 147 121 126 136 145 146 140 148 167 153 140 180 195 191
 208 209 209 210 211 210 210 166 214 217 215 216 216 217 218 221
 208 209 210 211 211 210 210  71 161 215 216 217 216 216 218 219
 208 208 207 208 208 210 209  89 159 215 217 216 215 217 218 218
 209 210 206 207 209 209 208  82 184 214 214 214 217 216 218 219
 207 205 207 207 209 208 209 106 133 208 214 213 213 215 217 221
 203 203 206 205 208 206 109  62  65  70 198 211 211 214 216 219
 205 204 206 206 205 171  61  66  72  69 152 211 212 213 216 217
 201 204 205 205 205 149  63  68  73  70 176 212 211 213 214 214
 202 203 204 206 206 201 100  70  79 156 211 212 211 212 212 215
 200 204 202 204 203 204 205 113 140 208 208 210 211 212 212 213
 200 199 200 203 204 202 206 145 126 207 208 210 210 212 212 212
 199 200 201 203 204 204 203 154 130 207 206 208 210 211 212 213
 197 198 199 203 203 202 204 161  63 203 206 206 207 208 211 212
 196 199 198 199 192 165  98  83  61  72  90 111 149 206 208 210
 193 195 197 146  51  53  58  66  78  61  67  71  70 156 210 208
 166 182 163 136 140 146 155 157 154 162 179 164 147 188 201 199

 215 215 215 214 218 216 215 211 212 211 210 211 210 210 209 201
 213 212 211 211 210 211 212 211 207 211 209 209 209 207 207 204
 209 209 208 206 207 206 206 208 205 207 206 205 205 204 163 188
 207 206 205 204 205 203 204 201 202 205 204 203 199 151  81 148
 204 203 202 202 203 200 200 201 199 201 201 201 197 113  74 162
 198 201 201 201 201 189 147 168 198 196 197 196 194  90  68 169
 195 198 200 197 191  75  66  75 145 192 193 190 188  74  62 149
 196 154 150 172 127  65  68  72  80 134 122 124  68  62  80 145
 151  74  89  78 100  67  63  65  70 107 134 138 150  82  68 148
 184 183 186 182 185 105  61  63  94 183 181 180 180  95  58 139
 184 185 183 180 185 181 153 132 179 180 176 178 174 148  53 134
 180 186 184 179 183 181 178 177 180 177 176 175 172 169  52 127
 179 180 178 178 181 180 178 176 179 175 173 174 172 173 129 119
 177 178 174 177 176 175 174 172 174 172 172 173 171 172 170 144
 172 173 174 173 173 171 170 168 170 170 169 168 167 169 169 158
 171 171 172 169 170 169 170 170 168 162 166 167 165 165 164 140
 215 214 214 214 212 212 211 210 209 209 209 206 205 206 202 191
 213 213 213 211 211 211 210 207 208 208 207 205 205 203 200 195
 211 210 211 210 209 209 208 206 206 206 203 204 203 199 143 180
 210 210 209 207 208 208 206 205 203 203 204 203 200 141  56 140
 208 208 208 208 206 206 205 203 200 201 200 199 200 104  60 153
 208 207 205 204 205 189 140 162 201 199 198 198 195  78  57 167
 206 204 203 203 197  57  56  58 143 197 197 196 190  57  49 148
 202 147 146 172 121  54  62  60  65 124 112 116  48  50  65 140
 153  58  74  70  93  53  55  55  56 100 133 139 150  71  53 146
 198 195 196 198 196  98  49  53  87 190 188 191 190  85  45 145
 197 197 195 197 195 193 159 136 189 189 186 189 187 150  40 136
 194 195 192 194 193 192 191 190 189 188 188 187 186 176  37 126
 192 190 193 191 191 191 189 189 188 189 187 188 185 182 128 121
 192 192 191 190 189 191 189 186 189 187 187 186 183 183 182 147
 191 190 189 189 189 188 188 185 185 184 184 183 181 181 179 168
 188 188 189 187 188 186 186 184 184 184 182 181 179 178 179 152
 221 219 218 219 221 219 217 214 215 213 212 213 212 210 208 199
 218 218 218 218 217 216 216 214 212 212 212 212 211 208 210 201
 217 216 217 216 215 214 213 213 212 212 212 211 208 206 156 188
 216 216 215 217 213 211 212 211 211 211 210 210 207 149  70 147
 216 217 216 214 213 211 211 212 212 210 210 208 206 111  71 164
 215 216 217 214 214 198 152 176 211 208 208 206 206  90  67 179
 217 215 215 214 208  70  69  70 156 208 207 207 203  72  61 162
 214 161 159 184 133  65  72  73  79 140 126 130  63  61  78 154
 166  71  89  82 106  62  66  68  70 113 145 154 161  83  66 157
 210 210 209 208 209 109  61  63 100 205 206 203 204  98  58 155
 210 210 210 209 208 206 171 149 201 204 202 204 202 165  53 146
 211 211 208 209 209 208 205 205 206 203 204 204 203 192  51 140
 210 211 208 207 207 205 206 205 206 204 203 203 203 199 146 136
 209 210 207 206 207 206 206 205 204 202 200 201 199 198 197 163
 209 209 208 210 205 203 204 204 203 204 199 200 198 199 195 182
 208 208 208 209 207 203 205 201 202 200 200 199 197 196 193 166

 201 204 188 148 162 169 149 145 148 139 134 127 119 144 158 140
 209 207 163  81  74  68  62  80  68  58  53  52 129 170 169 164
 210 207 204 151 113  90  74  62  82  95 148 169 173 172 169 165
 210 209 205 199 197 194 188  68 150 180 174 172 172 171 167 165
 211 209 205 203 201 196 190 124 138 180 178 175 174 173 168 167
 210 209 206 204 201 197 193 122 134 181 176 176 173 172 169 166
 211 211 207 205 201 196 192 134 107 183 180 177 175 172 170 162
 212 207 205 202 199 198 145  80  70  94 179 180 179 174 170 168
 211 211 208 201 201 168  75  72  65  63 132 177 176 172 168 170
 215 212 206 204 200 147  66  68  63  61 153 178 178 174 170 170
 216 211 206 203 200 189  75  65  67 105 181 181 180 175 171 169
 218 210 207 205 203 201 191 127 100 185 185 183 181 176 173 170
 214 211 206 204 202 201 197 172  78 182 180 179 178 177 173 169
 215 211 208 205 202 201 200 150  89 186 183 184 178 174 174 172
 215 212 209 206 203 201 198 154  74 183 185 186 180 178 173 171
 215 213 209 207 204 198 195 196 151 184 184 180 179 177 172 171
 191 195 180 140 153 167 148 140 146 145 136 126 121 147 168 152
 202 200 143  56  60  57  49  65  53  45  40  37 128 182 179 179
 206 203 199 141 104  78  57  50  71  85 150 176 182 183 181 178
 205 205 203 200 200 195 190  48 150 190 187 186 185 183 181 179
 206 205 204 203 199 198 196 116 139 191 189 187 188 186 183 181
 209 207 203 204 200 198 197 112 133 188 186 188 187 187 184 182
 209 208 206 203 201 199 197 124 100 190 189 188 189 187 184 184
 209 208 206 203 200 201 143  65  56  87 189 189 188 189 185 184
 210 207 206 205 203 162  58  60  55  53 136 190 189 186 185 184
 211 210 208 206 205 140  56  62  55  49 159 191 189 189 188 186
 212 211 209 208 206 189  57  54  53  98 193 192 191 191 188 186
 212 211 209 208 206 205 197 121  93 196 195 193 191 189 189 188
 214 211 210 207 208 204 203 172  70 198 197 194 191 190 189 187
 214 213 211 209 208 205 203 146  74 196 195 192 193 191 189 189
 214 213 210 210 208 207 204 147  58 195 197 195 190 192 190 188
 215 213 211 210 208 208 206 202 153 198 197 194 192 192 191 188
 199 201 188 147 164 179 162 154 157 155 146 140 136 163 182 166
 208 210 156  70  71  67  61  78  66  58  53  51 146 197 195 193
 210 208 206 149 111  90  72  61  83  98 165 192 199 198 199 196
 212 211 208 207 206 206 203  63 161 204 202 203 203 199 198 197
 213 212 211 210 208 206 207 130 154 203 204 204 203 201 200 199
 212 212 212 210 210 208 207 126 145 206 202 204 203 200 199 200
 213 212 212 211 210 208 208 140 113 205 204 203 204 202 204 200
 215 212 212 211 212 211 156  79  70 100 201 206 206 204 203 202
 214 214 213 211 212 176  70  73  68  63 149 205 205 205 204 201
 217 216 213 212 211 152  69  72  66  61 171 205 206 206 204 205
 219 216 214 211 211 198  70  65  62 109 206 208 205 206 203 203
 221 217 215 213 213 214 208 133 106 209 208 209 207 207 205 207
 219 218 216 217 214 214 214 184  82 208 209 209 207 206 210 209
 218 218 217 215 216 217 215 159  89 209 210 208 208 207 208 208
 219 218 216 216 217 216 215 161  71 210 210 211 211 210 209 208
 221 218 217 216 216 215 217 214 166 210 210 211 210 209 209 208

 140 164 165 165 167 166 162 168 170 170 169 170 169 172 171 171
 158 169 169 167 168 169 170 170 168 170 171 173 173 174 173 172
 144 170 172 171 173 172 172 174 172 174 175 176 177 174 178 177
 119 129 173 172 174 173 175 179 176 178 180 181 178 178 180 179
 127  52 169 172 175 176 177 180 177 178 181 183 179 184 186 180
 134  53 148 174 178 176 180 179 132 153 181 185 180 183 185 184
 139  58  95 180 180 181 183  94  63  61 105 185 182 186 183 184
 148  68  82 150 138 134 107  70  65  63  67 100  78  89  74 151
 145  80  62  68 124 122 134  80  72  68  65 127 172 150 154 196
 149  62  74 188 190 193 192 145  75  66  75 191 197 200 198 195
 169  68  90 194 196 197 196 198 168 147 189 201 201 201 201 198
 162  74 113 197 201 201 201 199 201 200 200 203 202 202 203 204
 148  81 151 199 203 204 205 202 201 204 203 205 204 205 206 207
 188 163 204 205 205 206 207 205 208 206 206 207 206 208 209 209
 204 207 207 209 209 209 211 207 211 212 211 210 211 211 212 213
 201 209 210 210 211 210 211 212 211 215 216 218 214 215 215 215
 152 179 178 179 181 182 184 184 184 186 186 188 187 189 188 188
 168 179 181 181 183 184 184 185 185 188 188 189 189 189 190 191
 147 182 183 183 186 187 187 189 186 189 191 189 190 191 192 192
 121 128 182 185 188 187 189 188 189 189 191 191 191 193 190 192
 126  37 176 186 187 188 188 189 190 191 192 193 194 192 195 194
 136  40 150 187 189 186 189 189 136 159 193 195 197 195 197 197
 145  45  85 190 191 188 190  87  53  49  98 196 198 196 195 198
 146  53  71 150 139 133 100  56  55  55  53  93  70  74  58 153
 140  65  50  48 116 112 124  65  60  62  54 121 172 146 147 202
 148  49  57 190 196 197 197 143  58  56  57 197 203 203 204 206
 167  57  78 195 198 198 199 201 162 140 189 205 204 205 207 208
 153  60 104 200 199 200 201 200 203 205 206 206 208 208 208 208
 140  56 141 200 203 204 203 203 205 206 208 208 207 209 210 210
 180 143 199 203 204 203 206 206 206 208 209 209 210 211 210 211
 195 200 203 205 205 207 208 208 207 210 211 211 211 213 213 213
 191 202 206 205 206 209 209 209 210 211 212 212 214 214 214 215
 166 193 196 197 199 200 200 202 201 205 203 207 209 208 208 208
 182 195 199 198 200 199 204 203 204 204 203 205 210 208 209 209
 163 197 198 199 201 200 202 204 205 206 206 207 206 207 210 209
 136 146 199 203 203 203 204 206 205 206 205 207 207 208 211 210
 140  51 192 203 204 204 203 206 205 205 208 209 209 208 211 211
 146  53 165 202 204 202 204 201 149 171 206 208 209 210 210 210
 155  58  98 204 203 206 205 100  63  61 109 209 208 209 210 210
 157  66  83 161 154 145 113  70  68  66  62 106  82  89  71 166
 154  78  61  63 130 126 140  79  73  72  65 133 184 159 161 214
 162  61  72 203 207 207 208 156  70  69  70 208 214 215 215 217
 179  67  90 206 206 208 208 211 176 152 198 214 214 217 216 215
 164  71 111 206 208 210 210 212 212 211 211 213 214 216 217 216
 147  70 149 207 210 210 211 211 211 212 211 213 217 215 216 216
 188 156 206 208 211 212 212 212 213 213 214 215 216 217 216 217
 201 210 208 211 212 212 212 212 214 216 216 217 218 218 218 218
 199 208 210 212 213 212 213 215 214 217 219 221 219 218 219 221

